[ 9557.403195] [Project1] 14779 1588061303.733601257 1588061304.598901115
[ 9559.216516] [Project1] 14780 1588061305.527290009 1588061306.412226989
[ 9561.053683] [Project1] 14789 1588061307.342156963 1588061308.249398161
[ 9562.870150] [Project1] 14790 1588061309.164809346 1588061310.065870438
[ 9564.681225] [Project1] 14791 1588061311.003053766 1588061311.876950837
[ 9566.506187] [Project1] 14801 1588061312.822403048 1588061313.701918507
[ 9568.295668] [Project1] 14802 1588061314.624753750 1588061315.491403449
[ 9570.098819] [Project1] 14811 1588061316.381568297 1588061317.294559476
[ 9571.848444] [Project1] 14813 1588061318.179062682 1588061319.044188955
[ 9573.646436] [Project1] 14814 1588061319.965976685 1588061320.842185659
